181,52
181,51
181,50
181,49
181,48
181,47
181,46
181,45
181,44
181,43
181,42
181,41
181,40
181,39
181,38
181,37
181,36
181,35
44,4
42,1
42,3
51,4
48,1
48,4
49,1
49,4
45,1
45,4
60,4
55,1
55,4
44,1
44,3
51,1
51,3
60,1
60,3
0,538
0,386
3,2
3,1
3,3
10,225
10,151
10,9
10,99
10,103
10,155
10,245
10,183
10,2
10,3
11,5
11,21
11,19
11,12
11,7
9,5
9,7
9,2
9,3
8,8
8,5
8,14
8,2
8,3
0,398
87,4
87,3
87,2
87,1
87,0
86,7
86,6
86,5
86,4
86,3
86,1
85,10
85,9
85,8
85,7
85,6
85,5
85,4
85,3
85,2
85,1
83,5
83,4
83,1
82,5
82,1
80,11
80,10
80,9
80,8
80,7
80,6
80,5
80,4
80,3
80,2
80,1
80,0
67,4
67,3
67,1
66,4
66,3
66,1
64,4
64,3
64,1
56,20
56,19
56,18
56,16
56,14
56,12
56,11
56,10
56,9
56,8
56,7
56,6
56,5
56,4
56,3
56,2
56,1
